8064    14656
54976    63488
70464    76544
83968    90752
105664    114112
123648    130368
141248    152384
158080    169664
182400    191552
200896    211648
219968    227904
237696    246848
257408    266048
272896    280576
289408    296576
304256    310080
321152    328704
340032    347904
357568    364288
373376    380928
391808    399488
409536    418240
427520    433600
690048    699840
709632    720512
726720    737472
745792    754240
762560    771072
778624    785216
794304    801472
