54784    63552
72576    81984
92672    102080
113472    121920
133440    143104
157056    165632
187328    196608
206272    215552
224512    235520
247232    256960
267904    278464
291584    304000
317120    326592
338944    350400
358784    368960
385088    396608
402688    416768
424448    436864
446848    456768
467904    477824
488832    498304
507072    517120
524928    536832
543424    552256
558528    568320
580032    588608
597248    606464
616768    627904
635584    644992
655808    666944
