22656    30976
43584    51072
60608    66944
111808    119616
131008    136832
154112    161664
175040    182848
193024    201920
214912    222784
235904    243968
252416    256832
267904    274496
283392    288576
300480    309952
317888    328512
333824    343040
348352    354112
360768    368960
373888    383104
391872    398336
406784    415104
442368    452288
463360    470912
478208    485568
491968    499968
505984    514688
521856    529664
535488    544576
552000    564480
570432    578496
