62016    68352
88192    94528
105792    113472
119808    126016
130688    137536
142016    148800
152640    159488
162560    169664
336128    342976
351616    358464
360320    368832
373184    381248
384128    392512
394752    402496
404544    412416
414400    422592
424896    432384
435072    443264
445248    452928
454848    462272
463872    471424
473088    481344
483584    492416
495104    502336
504192    512128
513984    521536
523776    531328
533568    541632
544192    551168
552896    561344
