102144    117120
137600    147008
155840    163392
180352    189504
197440    203904
210816    216896
228416    236032
243712    251712
259776    268480
277056    284352
344448    349824
352896    361792
364032    371520
375360    381952
386880    395200
401536    409664
418880    425216
431744    438848
444672    452352
458048    465536
470464    479040
484480    491520
498048    505600
511296    519232
527168    534464
540032    548352
552064    561024
565248    573056
581440    589184
592256    603648
