15872    24192
144192    151040
157696    163648
172928    178752
189312    194688
200128    205952
212992    218496
224576    229504
236480    242304
248960    254464
264256    270656
277248    282944
314944    321536
331328    336960
343872    348800
358400    364096
372288    377984
386176    391744
401152    407616
422720    428928
437504    443328
451008    457856
466112    471936
480384    486016
494272    500032
509312    515392
522944    529664
538944    545152
557952    564864
572928    579904
