5504    12672
21248    27520
92480    100416
112768    119104
131136    136448
146496    152448
175744    181696
189120    195200
204288    210816
220608    225856
234176    239744
247168    251968
259328    264512
272960    278784
286720    292288
300096    305024
312128    317952
324416    329472
336192    340800
348352    354688
361472    366080
373120    377856
386176    390912
400192    405248
413696    418816
425728    430656
438144    443072
451136    456000
465152    471232
481280    486464
