88000    93824
94848    101120
102400    107712
108864    116800
117760    123456
124480    129536
130560    135360
136384    141120
142336    148416
183360    189760
190912    196864
198144    203328
204480    210880
212032    217472
218560    224512
225792    231488
232576    239808
241024    247232
248384    253696
254848    260800
262144    268992
269888    275328
276480    282304
283392    289216
314176    320064
321152    328000
329344    335808
337088    342528
343744    349440
350464    354944
