5	-99.14216612	79.4140410165	-755.314647318	173.263592088	
5	-69.14216612	30.4140410165	-807.314647318	160.263592088	
5	-33.14216612	69.4140410165	-807.314647318	95.2635920883	
5	-62.14216612	82.4140410165	-807.314647318	109.263592088	
5	-65.14216612	100.414041016	-807.314647318	107.263592088	
5	-17.14216612	84.4140410165	-802.314647318	95.2635920883	
5	-41.14216612	57.4140410165	-807.314647318	99.2635920883	
5	-61.14216612	130.414041016	-766.314647318	116.263592088	
5	-66.14216612	109.414041016	-766.314647318	113.263592088	
5	-51.14216612	52.4140410165	-807.314647318	81.2635920883	
5	-47.14216612	39.4140410165	-807.314647318	112.263592088	
5	-73.14216612	105.414041016	-790.314647318	119.263592088	
5	-121.14216612	53.4140410165	-799.314647318	124.263592088	
5	-85.14216612	23.4140410165	-807.314647318	77.2635920883	
5	-186.14216612	34.4140410165	-767.314647318	136.263592088	
5	-110.14216612	0.414041016466	-807.314647318	60.2635920883	
5	-203.14216612	21.4140410165	-784.314647318	140.263592088	
5	-148.14216612	52.4140410165	-793.314647318	93.2635920883	
5	-179.14216612	3.41404101647	-804.314647318	121.263592088	
5	-158.14216612	1.41404101647	-799.314647318	95.2635920883	
5	-197.14216612	12.4140410165	-803.314647318	117.263592088	
5	-155.14216612	26.4140410165	-807.314647318	83.2635920883	
5	-237.14216612	50.4140410165	-770.314647318	135.263592088	
5	-139.14216612	-14.5859589835	-807.314647318	81.2635920883	
5	-159.14216612	-23.5859589835	-807.314647318	103.263592088	
5	-178.14216612	-33.5859589835	-807.314647318	125.263592088	
5	-171.14216612	-3.58595898353	-804.314647318	138.263592088	
5	-173.14216612	-36.5859589835	-807.314647318	65.2635920883	
5	-209.14216612	-6.58595898353	-794.314647318	137.263592088	
5	-207.14216612	58.4140410165	-749.314647318	112.263592088	
5	-165.14216612	-69.5859589835	-807.314647318	109.263592088	
5	-207.14216612	-12.5859589835	-774.314647318	131.263592088	
5	-141.14216612	-5.58595898353	-807.314647318	71.2635920883	
5	-173.14216612	-15.5859589835	-802.314647318	116.263592088	
5	-179.14216612	-33.5859589835	-801.314647318	107.263592088	
5	-215.14216612	20.4140410165	-767.314647318	119.263592088	
5	-202.14216612	-1.58595898353	-756.314647318	111.263592088	
5	-186.14216612	-90.5859589835	-784.314647318	85.2635920883	
5	-121.14216612	-87.5859589835	-786.314647318	13.2635920883	
5	-30.14216612	-122.585958984	-807.314647318	32.2635920883	
5	-1.14216612	-97.5859589835	-807.314647318	55.2635920883	
5	53.85783388	-73.5859589835	-807.314647318	41.2635920883	
5	-26.14216612	-97.5859589835	-807.314647318	77.2635920883	
5	72.85783388	-55.5859589835	-807.314647318	63.2635920883	
5	116.85783388	-80.5859589835	-807.314647318	84.2635920883	
5	97.85783388	-58.5859589835	-807.314647318	49.2635920883	
5	58.85783388	-8.58595898353	-766.314647318	108.263592088	
5	38.85783388	-23.5859589835	-771.314647318	111.263592088	
5	57.85783388	-44.5859589835	-800.314647318	61.2635920883	
5	121.85783388	-40.5859589835	-807.314647318	67.2635920883	
5	23.85783388	-38.5859589835	-798.314647318	107.263592088	
5	12.85783388	-34.5859589835	-781.314647318	129.263592088	
5	130.85783388	-62.5859589835	-807.314647318	43.2635920883	
5	104.85783388	-66.5859589835	-793.314647318	103.263592088	
5	102.85783388	-38.5859589835	-773.314647318	87.2635920883	
5	71.85783388	-69.5859589835	-791.314647318	102.263592088	
5	107.85783388	-75.5859589835	-803.314647318	65.2635920883	
5	45.85783388	-69.5859589835	-772.314647318	117.263592088	
5	17.85783388	-59.5859589835	-758.314647318	125.263592088	
5	136.85783388	-97.5859589835	-807.314647318	65.2635920883	
5	147.85783388	-29.5859589835	-807.314647318	65.2635920883	
5	144.85783388	-30.5859589835	-807.314647318	72.2635920883	
5	63.85783388	-3.58595898353	-763.314647318	104.263592088	
5	119.85783388	-34.5859589835	-802.314647318	93.2635920883	
5	153.85783388	-29.5859589835	-807.314647318	69.2635920883	
5	141.85783388	-53.5859589835	-807.314647318	77.2635920883	
5	76.85783388	-39.5859589835	-792.314647318	121.263592088	
5	125.85783388	-81.5859589835	-807.314647318	61.2635920883	
5	148.85783388	-29.5859589835	-807.314647318	67.2635920883	
5	137.85783388	-22.5859589835	-807.314647318	67.2635920883	
5	106.85783388	-42.5859589835	-774.314647318	91.2635920883	
5	138.85783388	-23.5859589835	-806.314647318	89.2635920883	
5	108.85783388	-5.58595898353	-805.314647318	49.2635920883	
5	47.85783388	-50.5859589835	-796.314647318	106.263592088	
5	162.85783388	-72.5859589835	-807.314647318	61.2635920883	
5	15.85783388	16.4140410165	-772.314647318	87.2635920883	
5	35.85783388	11.4140410165	-772.314647318	93.2635920883	
5	120.85783388	-51.5859589835	-807.314647318	52.2635920883	
5	104.85783388	-60.5859589835	-799.314647318	72.2635920883	
5	103.85783388	-103.585958984	-806.314647318	60.2635920883	
5	29.85783388	-43.5859589835	-783.314647318	85.2635920883	
5	-30.14216612	-83.5859589835	-775.314647318	147.263592088	
5	28.85783388	-75.5859589835	-807.314647318	69.2635920883	
5	-8.14216612	-85.5859589835	-803.314647318	111.263592088	
5	-8.14216612	-39.5859589835	-783.314647318	91.2635920883	
5	13.85783388	-69.5859589835	-740.314647318	119.263592088	
5	40.85783388	-65.5859589835	-807.314647318	87.2635920883	
5	-26.14216612	-50.5859589835	-777.314647318	121.263592088	
5	57.85783388	-51.5859589835	-807.314647318	61.2635920883	
5	14.85783388	-15.5859589835	-798.314647318	66.2635920883	
5	18.85783388	-5.58595898353	-790.314647318	83.2635920883	
5	21.85783388	-77.5859589835	-807.314647318	89.2635920883	
5	-0.142166120001	-84.5859589835	-795.314647318	111.263592088	
5	24.85783388	-42.5859589835	-807.314647318	89.2635920883	
5	88.85783388	-63.5859589835	-807.314647318	68.2635920883	
5	8.85783388	-43.5859589835	-796.314647318	102.263592088	
5	23.85783388	8.41404101647	-757.314647318	112.263592088	
5	97.85783388	-58.5859589835	-807.314647318	73.2635920883	
5	135.85783388	-39.5859589835	-807.314647318	65.2635920883	
5	59.85783388	-20.5859589835	-776.314647318	111.263592088	
5	88.85783388	-63.5859589835	-807.314647318	53.2635920883	
5	128.85783388	-23.5859589835	-795.314647318	87.2635920883	
5	83.85783388	-56.5859589835	-784.314647318	115.263592088	
5	136.85783388	-146.585958984	-807.314647318	43.2635920883	
5	173.85783388	-107.585958984	-807.314647318	38.2635920883	
5	89.85783388	-57.5859589835	-769.314647318	107.263592088	
5	112.85783388	-89.5859589835	-807.314647318	101.263592088	
5	83.85783388	-31.5859589835	-782.314647318	85.2635920883	
5	0.857833879999	-36.5859589835	-799.314647318	95.2635920883	
5	65.85783388	-12.5859589835	-791.314647318	98.2635920883	
5	96.85783388	-39.5859589835	-806.314647318	67.2635920883	
5	-3.14216612	-55.5859589835	-767.314647318	109.263592088	
5	30.85783388	-37.5859589835	-783.314647318	77.2635920883	
5	12.85783388	-40.5859589835	-771.314647318	106.263592088	
5	17.85783388	-86.5859589835	-797.314647318	107.263592088	
5	28.85783388	-75.5859589835	-807.314647318	68.2635920883	
5	60.85783388	-65.5859589835	-807.314647318	82.2635920883	
5	-13.14216612	-31.5859589835	-770.314647318	113.263592088	
5	67.85783388	-53.5859589835	-774.314647318	133.263592088	
5	120.85783388	-97.5859589835	-807.314647318	92.2635920883	
5	127.85783388	-65.5859589835	-807.314647318	96.2635920883	
5	124.85783388	-13.5859589835	-763.314647318	101.263592088	
5	138.85783388	-64.5859589835	-807.314647318	77.2635920883	
5	145.85783388	-19.5859589835	-804.314647318	95.2635920883	
5	162.85783388	-55.5859589835	-807.314647318	85.2635920883	
5	162.85783388	-65.5859589835	-807.314647318	106.263592088	
